5 6
0.462036 0.0977744 0.00728177 0.250653 0.182255 
0.0203369 0.0824649 0.30413 0.499432 0.093636 
0.504513 0.219188 0.00117896 0.15051 0.12461 
0.352525 0.063232 0.169097 0.31184 0.103306 
0.269368 0.210818 0.267199 0.110342 0.142273 
0.0553185 0.117378 0.601479 0.0805901 0.116061 0.0291736 
0.0573651 0.112446 0.184391 0.0663786 0.354146 0.225274 
0.184194 0.219215 0.263992 0.167411 0.0112056 0.153982 
0.125001 0.0296868 0.570041 0.0950066 0.0412484 0.139016 
0.214768 0.146113 0.170564 0.209886 0.120399 0.13827 
0.0907792 0.315487 0.0107663 0.429078 0.153889 
